# LOG(O2 + H20 TRANSMISSION AT X=1 FROM 30 HAMUY SPECTROPHOTOMETRIC STANDARDS

3000.  1.081079E-5
3004.19999980926  -5.942769E-6
3008.39999961853  -2.479006E-6
3012.5999994278  -2.479006E-6
3016.79999923706  -4.788162E-6
3020.99999904633  -4.788162E-6
3025.19999885559  -4.788162E-6
3029.39999866486  -4.788162E-6
3033.59999847412  -4.788162E-6
3037.79999828339  -5.942769E-6
3041.99999809265  -5.942769E-6
3046.19999790192  -4.788162E-6
3050.39999771118  -4.788162E-6
3054.59999752045  -4.788162E-6
3058.79999732971  -2.479006E-6
3062.99999713898  -4.788162E-6
3067.19999694824  -5.942769E-6
3071.39999675751  -5.942769E-6
3075.59999656677  -5.942769E-6
3079.79999637604  -5.942769E-6
3083.9999961853  -4.788162E-6
3088.19999599457  -4.788162E-6
3092.39999580383  -4.788162E-6
3096.5999956131  -4.788162E-6
3100.79999542236  -4.788162E-6
3104.99999523163  -4.788162E-6
3109.19999504089  -2.479006E-6
3113.39999485016  -2.479006E-6
3117.59999465942  -2.479006E-6
3121.79999446869  -2.479006E-6
3125.99999427795  -2.479006E-6
3130.19999408722  -2.479006E-6
3134.39999389648  -1.423468E-7
3138.59999370575  -4.788162E-6
3142.79999351501  -5.942769E-6
3146.99999332428  -4.788162E-6
3151.19999313354  -4.788162E-6
3155.39999294281  -5.942769E-6
3159.59999275207  -4.788162E-6
3163.79999256134  -4.788162E-6
3167.9999923706  -2.479006E-6
3172.19999217987  -2.479006E-6
3176.39999198913  -4.788162E-6
3180.5999917984  -4.788162E-6
3184.79999160766  -4.788162E-6
3188.99999141693  -4.788162E-6
3193.19999122619  -4.788162E-6
3197.39999103546  -4.788162E-6
3201.59999084472  -4.788162E-6
3205.79999065399  -4.788162E-6
3209.99999046326  -4.788162E-6
3214.19999027252  -4.788162E-6
3218.39999008179  -4.788162E-6
3222.59998989105  -4.788162E-6
3226.79998970032  -4.788162E-6
3230.99998950958  -4.788162E-6
3235.19998931884  -4.788162E-6
3239.39998912811  1.081079E-5
3243.59998893738  -4.788162E-6
3247.79998874664  -4.788162E-6
3251.99998855591  -4.788162E-6
3256.19998836517  -4.788162E-6
3260.39998817444  -4.788162E-6
3264.5999879837  -4.788162E-6
3268.79998779297  -2.479006E-6
3272.99998760223  -4.788162E-6
3277.1999874115  -4.788162E-6
3281.39998722076  -4.788162E-6
3285.59998703003  -4.788162E-6
3289.79998683929  -4.788162E-6
3293.99998664856  -2.479006E-6
3298.19998645782  -4.788162E-6
3302.39998626709  -4.788162E-6
3306.59998607635  -4.788162E-6
3310.79998588562  -2.479006E-6
3314.99998569488  1.012260E-6
3319.19998550415  -2.479006E-6
3323.39998531341  -2.479006E-6
3327.59998512268  1.012260E-6
3331.79998493194  1.012260E-6
3335.99998474121  -2.479006E-6
3340.19998455047  -2.479006E-6
3344.39998435974  -2.479006E-6
3348.599984169  -2.479006E-6
3352.79998397827  -1.423468E-7
3356.99998378753  -1.423468E-7
3361.1999835968  -2.479006E-6
3365.39998340606  -2.479006E-6
3369.59998321533  -2.479006E-6
3373.79998302459  -2.479006E-6
3377.99998283386  -1.423468E-7
3382.19998264312  -4.788162E-6
3386.39998245239  -2.479006E-6
3390.59998226165  -4.788162E-6
3394.79998207092  -2.479006E-6
3398.99998188019  -1.421198E-6
3403.19998168945  -1.421198E-6
3407.39998149871  -4.788162E-6
3411.59998130798  -1.423468E-7
3415.79998111724  -2.479006E-6
3419.99998092651  -4.788162E-6
3424.19998073577  -5.942769E-6
3428.39998054504  -2.479006E-6
3432.59998035431  -1.056117E-5
3436.79998016357  -2.479006E-6
3440.99997997284  -5.942769E-6
3445.1999797821  -2.479006E-6
3449.39997959137  3.321416E-6
3453.59997940063  5.630631E-6
3457.7999792099  -2.479006E-6
3461.99997901916  -2.479006E-6
3466.19997882843  -2.479006E-6
3470.39997863769  -2.479006E-6
3474.59997844696  1.012260E-6
3478.79997825622  -1.423468E-7
3482.99997806549  -2.479006E-6
3487.19997787475  -2.479006E-6
3491.39997768402  -1.423468E-7
3495.59997749328  -4.788162E-6
3499.79997730255  -1.423468E-7
3503.99997711181  -5.942769E-6
3508.19997692108  -4.788162E-6
3512.39997673034  -4.788162E-6
3516.59997653961  -4.788162E-6
3520.79997634887  -5.942769E-6
3524.99997615814  -5.942769E-6
3529.1999759674  -5.942769E-6
3533.39997577667  -4.788162E-6
3537.59997558593  -4.788162E-6
3541.7999753952  -2.479006E-6
3545.99997520446  -5.942769E-6
3550.19997501373  -2.479006E-6
3554.39997482299  -5.942769E-6
3558.59997463226  -2.479006E-6
3562.79997444152  -5.942769E-6
3566.99997425079  -5.942769E-6
3571.19997406005  -5.942769E-6
3575.39997386932  -5.942769E-6
3579.59997367858  -5.942769E-6
3583.79997348785  -5.942769E-6
3587.99997329711  -5.942769E-6
3592.19997310638  -5.942769E-6
3596.39997291564  -5.942769E-6
3600.59997272491  -4.788162E-6
3604.79997253417  -4.788162E-6
3608.99997234344  -5.942769E-6
3613.1999721527  -5.942769E-6
3617.39997196197  -5.942769E-6
3621.59997177124  -2.479006E-6
3625.7999715805  -4.788162E-6
3629.99997138976  -4.788162E-6
3634.19997119903  -4.788162E-6
3638.3999710083  -1.423468E-7
3642.59997081756  -5.942769E-6
3646.79997062683  -5.942769E-6
3650.99997043609  -2.479006E-6
3655.19997024536  -4.788162E-6
3659.39997005462  -4.788162E-6
3663.59996986389  -2.479006E-6
3667.79996967315  -2.479006E-6
3671.99996948242  -5.942769E-6
3676.19996929168  -5.942769E-6
3680.39996910095  -4.788162E-6
3684.59996891021  -4.788162E-6
3688.79996871948  -4.788162E-6
3692.99996852874  -4.788162E-6
3697.19996833801  -5.942769E-6
3701.39996814727  -5.942769E-6
3705.59996795654  -4.788162E-6
3709.7999677658  -4.788162E-6
3713.99996757507  -4.788162E-6
3718.19996738433  -4.788162E-6
3722.3999671936  -2.479006E-6
3726.59996700286  -2.479006E-6
3730.79996681213  -2.479006E-6
3734.99996662139  -1.423468E-7
3739.19996643066  -1.423468E-7
3743.39996623992  -1.423468E-7
3747.59996604919  1.012260E-6
3751.79996585845  -1.423468E-7
3755.99996566772  -1.423468E-7
3760.19996547698  -1.423468E-7
3764.39996528625  -1.423468E-7
3768.59996509551  -1.423468E-7
3772.79996490478  -2.479006E-6
3776.99996471404  -1.423468E-7
3781.19996452331  -1.423468E-7
3785.39996433257  -1.423468E-7
3789.59996414184  1.012260E-6
3793.7999639511  1.012260E-6
3797.99996376037  1.012260E-6
3802.19996356963  1.012260E-6
3806.3999633789  1.012260E-6
3810.59996318816  -1.423468E-7
3814.79996299743  1.012260E-6
3818.99996280669  1.012260E-6
3823.19996261596  1.012260E-6
3827.39996242522  1.012260E-6
3831.59996223449  1.012260E-6
3835.79996204376  1.012260E-6
3839.99996185302  1.012260E-6
3844.19996166228  1.012260E-6
3848.39996147155  1.012260E-6
3852.59996128081  1.012260E-6
3856.79996109008  -1.423468E-7
3860.99996089935  -1.423468E-7
3865.19996070861  -1.423468E-7
3869.39996051788  -1.423468E-7
3873.59996032714  1.012260E-6
3877.79996013641  1.012260E-6
3881.99995994567  1.012260E-6
3886.19995975494  1.012260E-6
3890.3999595642  1.012260E-6
3894.59995937347  1.012260E-6
3898.79995918273  1.012260E-6
3902.999958992  1.012260E-6
3907.19995880126  1.012260E-6
3911.39995861053  1.012260E-6
3915.59995841979  1.012260E-6
3919.79995822906  1.012260E-6
3923.99995803832  1.012260E-6
3928.19995784759  1.012260E-6
3932.39995765685  1.012260E-6
3936.59995746612  1.012260E-6
3940.79995727538  1.012260E-6
3944.99995708465  1.012260E-6
3949.19995689391  -1.423468E-7
3953.39995670318  -1.423468E-7
3957.59995651244  -1.423468E-7
3961.79995632171  1.012260E-6
3965.99995613097  1.012260E-6
3970.19995594024  1.012260E-6
3974.3999557495  1.012260E-6
3978.59995555877  0.
3982.79995536803  0.
3986.9999551773  0.
3991.19995498656  0.
3995.39995479583  0.
3999.59995460509  0.
4003.79995441436  0.
4007.99995422362  0.
4012.19995403289  0.
4016.39995384215  0.
4020.59995365142  0.
4024.79995346068  0.
4028.99995326995  0.
4033.19995307921  0.
4037.39995288848  0.
4041.59995269774  0.
4045.79995250701  0.
4049.99995231628  0.
4054.19995212554  0.
4058.3999519348  0.
4062.59995174407  0.
4066.79995155334  0.
4070.9999513626  0.
4075.19995117187  0.
4079.39995098113  0.
4083.5999507904  0.
4087.79995059966  0.
4091.99995040893  0.
4096.19995021819  0.
4100.39995002746  0.
4104.59994983672  0.
4108.79994964599  0.
4112.99994945525  0.
4117.19994926452  0.
4121.39994907378  0.
4125.59994888305  0.
4129.79994869231  0.
4133.99994850158  0.
4138.19994831084  0.
4142.39994812011  0.
4146.59994792937  0.
4150.79994773864  0.
4154.9999475479  0.
4159.19994735717  0.
4163.39994716643  0.
4167.5999469757  0.
4171.79994678496  0.
4175.99994659423  0.
4180.19994640349  0.
4184.39994621276  0.
4188.59994602202  0.
4192.79994583129  0.
4196.99994564055  0.
4201.19994544982  0.
4205.39994525908  0.
4209.59994506835  0.
4213.79994487761  0.
4217.99994468688  0.
4222.19994449614  0.
4226.39994430541  0.
4230.59994411467  0.
4234.79994392394  0.
4238.9999437332  0.
4243.19994354247  0.
4247.39994335174  0.
4251.599943161  0.
4255.79994297027  0.
4259.99994277953  0.
4264.19994258879  0.
4268.39994239806  0.
4272.59994220733  0.
4276.79994201659  0.
4280.99994182586  0.
4285.19994163512  0.
4289.39994144439  0.
4293.59994125365  0.
4297.79994106292  0.
4301.99994087218  0.
4306.19994068145  0.
4310.39994049071  0.
4314.59994029998  0.
4318.79994010924  0.
4322.99993991851  0.
4327.19993972777  0.
4331.39993953704  0.
4335.5999393463  0.
4339.79993915557  0.
4343.99993896483  0.
4348.1999387741  0.
4352.39993858336  0.
4356.59993839263  0.
4360.79993820189  0.
4364.99993801116  0.
4369.19993782042  0.
4373.39993762969  0.
4377.59993743895  0.
4381.79993724822  0.
4385.99993705748  -1.399549E-7
4390.19993686675  -1.887838E-7
4394.39993667601  -1.887838E-7
4398.59993648528  -2.875986E-7
4402.79993629454  -2.875986E-7
4406.99993610381  -2.875986E-7
4411.19993591307  0.
4415.39993572234  0.
4419.5999355316  0.
4423.79993534087  0.
4427.99993515013  0.
4432.1999349594  0.
4436.39993476866  0.
4440.59993457793  0.
4444.79993438719  0.
4448.99993419646  0.
4453.19993400573  0.
4457.39993381499  0.
4461.59993362426  0.
4465.79993343352  0.
4469.99993324278  0.
4474.19993305205  0.
4478.39993286132  0.
4482.59993267058  0.
4486.79993247985  0.
4490.99993228911  0.
4495.19993209838  0.
4499.39993190764  0.
4503.59993171691  0.
4507.79993152617  0.
4511.99993133544  0.
4516.1999311447  0.
4520.39993095397  0.
4524.59993076323  0.
4528.7999305725  0.
4532.99993038176  0.
4537.19993019103  0.
4541.39993000029  0.
4545.59992980956  0.
4549.79992961882  0.
4553.99992942809  0.
4558.19992923735  0.
4562.39992904662  0.
4566.59992885588  0.
4570.79992866515  0.
4574.99992847441  0.
4579.19992828368  0.
4583.39992809294  0.
4587.59992790221  0.
4591.79992771147  0.
4595.99992752074  0.
4600.19992733  0.
4604.39992713927  0.
4608.59992694853  0.
4612.7999267578  0.
4616.99992656706  0.
4621.19992637633  0.
4625.39992618559  0.
4629.59992599486  0.
4633.79992580412  0.
4637.99992561339  0.
4642.19992542265  0.
4646.39992523192  0.
4650.59992504118  0.
4654.79992485045  0.
4658.99992465972  0.
4663.19992446898  0.
4667.39992427825  0.
4671.59992408751  0.
4675.79992389677  0.
4679.99992370604  0.
4684.19992351531  0.
4688.39992332457  0.
4692.59992313384  0.
4696.7999229431  0.
4700.99992275237  0.
4705.19992256163  0.
4709.3999223709  0.
4713.59992218016  0.
4717.79992198943  0.
4721.99992179869  0.
4726.19992160796  0.
4730.39992141722  0.
4734.59992122649  0.
4738.79992103575  0.
4742.99992084502  0.
4747.19992065428  0.
4751.39992046355  0.
4755.59992027281  0.
4759.79992008208  0.
4763.99991989134  0.
4768.19991970061  0.
4772.39991950987  0.
4776.59991931914  0.
4780.7999191284  0.
4784.99991893767  0.
4789.19991874693  0.
4793.3999185562  0.
4797.59991836546  -3.840541E-7
4801.79991817473  0.
4805.99991798399  0.
4810.19991779326  0.
4814.39991760252  0.
4818.59991741179  -1.399549E-7
4822.79991722105  -1.399549E-7
4826.99991703032  -1.887838E-7
4831.19991683958  -1.887838E-7
4835.39991664885  -1.887838E-7
4839.59991645811  -2.875986E-7
4843.79991626738  -2.875986E-7
4847.99991607664  -2.875986E-7
4852.19991588591  -2.875986E-7
4856.39991569517  -2.875986E-7
4860.59991550444  -2.875986E-7
4864.7999153137  -2.875986E-7
4868.99991512297  -2.875986E-7
4873.19991493223  -2.875986E-7
4877.3999147415  -1.887838E-7
4881.59991455076  -1.399549E-7
4885.79991436003  5.535185E-8
4889.99991416929  -2.875986E-7
4894.19991397856  5.535185E-8
4898.39991378783  5.535185E-8
4902.59991359709  5.535185E-8
4906.79991340636  -4.230242E-8
4910.99991321562  -4.230242E-8
4915.19991302489  -4.230242E-8
4919.39991283415  -4.230242E-8
4923.59991264342  -1.399549E-7
4927.79991245268  -1.399549E-7
4931.99991226195  -1.887838E-7
4936.19991207121  -1.887838E-7
4940.39991188048  -1.887838E-7
4944.59991168974  -1.887838E-7
4948.79991149901  -1.887838E-7
4952.99991130827  0.
4957.19991111754  0.
4961.3999109268  0.
4965.59991073607  0.
4969.79991054533  0.
4973.9999103546  0.
4978.19991016386  0.
4982.39990997313  0.
4986.59990978239  0.
4990.79990959166  0.
4994.99990940092  0.
4999.19990921019  0.
5003.39990901945  -1.887838E-7
5007.59990882872  -1.399549E-7
5011.79990863798  -1.399549E-7
5015.99990844725  -1.399549E-7
5020.19990825651  -1.399549E-7
5024.39990806578  -1.887838E-7
5028.59990787504  0.
5032.79990768431  -4.230242E-8
5036.99990749357  -4.230242E-8
5041.19990730284  -4.230242E-8
5045.3999071121  0.
5049.59990692137  0.
5053.79990673063  0.
5057.9999065399  0.
5062.19990634916  0.
5066.39990615843  0.
5070.59990596769  0.
5074.79990577696  0.
5078.99990558622  0.
5083.19990539549  0.
5087.39990520476  0.
5091.59990501402  0.
5095.79990482329  0.
5099.99990463255  0.
5104.19990444182  0.
5108.39990425108  0.
5112.59990406035  0.
5116.79990386961  0.
5120.99990367888  0.
5125.19990348814  0.
5129.39990329741  0.
5133.59990310667  0.
5137.79990291594  0.
5141.9999027252  0.
5146.19990253447  0.
5150.39990234373  0.
5154.599902153  0.
5158.79990196226  0.
5162.99990177153  0.
5167.19990158079  0.
5171.39990139006  0.
5175.59990119932  0.
5179.79990100859  0.
5183.99990081785  0.
5188.19990062712  0.
5192.39990043638  0.
5196.59990024565  0.
5200.79990005491  0.
5204.99989986418  0.
5209.19989967344  0.
5213.39989948271  0.
5217.59989929197  0.
5221.79989910124  0.
5225.9998989105  0.
5230.19989871977  0.
5234.39989852903  0.
5238.5998983383  0.
5242.79989814756  0.
5246.99989795683  0.
5251.1998977661  0.
5255.39989757536  0.
5259.59989738462  0.
5263.79989719389  0.
5267.99989700315  0.
5272.19989681242  0.
5276.39989662169  0.
5280.59989643095  0.
5284.79989624021  0.
5288.99989604948  0.
5293.19989585875  0.
5297.39989566801  0.
5301.59989547728  0.
5305.79989528654  0.
5309.99989509581  0.
5314.19989490507  0.
5318.39989471434  0.
5322.5998945236  0.
5326.79989433287  0.
5330.99989414213  0.
5335.1998939514  0.
5339.39989376066  0.
5343.59989356993  0.
5347.79989337919  0.
5351.99989318846  0.
5356.19989299772  0.
5360.39989280699  0.
5364.59989261625  0.
5368.79989242552  0.
5372.99989223478  0.
5377.19989204405  0.
5381.39989185331  0.
5385.59989166258  0.
5389.79989147184  0.
5393.99989128111  0.
5398.19989109037  0.
5402.39989089964  0.
5406.5998907089  0.
5410.79989051817  0.
5414.99989032743  0.
5419.1998901367  0.
5423.39988994596  0.
5427.59988975523  0.
5431.79988956449  0.
5435.99988937376  0.
5440.19988918302  0.
5444.39988899229  0.
5448.59988880155  0.
5452.79988861082  0.
5456.99988842009  0.
5461.19988822935  0.
5465.39988803861  0.
5469.59988784788  0.
5473.79988765714  0.
5477.99988746641  0.
5482.19988727567  0.
5486.39988708494  0.
5490.5998868942  0.
5494.79988670347  0.
5498.99988651274  0.
5503.199886322  0.
5507.39988613127  0.
5511.59988594053  0.
5515.7998857498  0.
5519.99988555906  0.
5524.19988536833  0.
5528.39988517759  0.
5532.59988498686  0.
5536.79988479612  0.
5540.99988460539  0.
5545.19988441465  0.
5549.39988422392  0.
5553.59988403318  0.
5557.79988384245  0.
5561.99988365171  0.
5566.19988346098  0.
5570.39988327024  0.
5574.59988307951  0.
5578.79988288877  0.
5582.99988269804  0.
5587.1998825073  0.
5591.39988231657  0.
5595.59988212583  0.
5599.7998819351  0.
5603.99988174436  0.
5608.19988155363  0.
5612.39988136289  0.
5616.59988117216  0.
5620.79988098142  0.
5624.99988079069  0.
5629.19988059995  0.
5633.39988040922  0.
5637.59988021848  0.
5641.79988002775  0.
5645.99987983701  0.
5650.19987964628  0.
5654.39987945554  0.
5658.59987926481  0.
5662.79987907407  0.
5666.99987888334  0.
5671.1998786926  0.
5675.39987850187  0.
5679.59987831113  0.
5683.7998781204  0.
5687.99987792966  0.
5692.19987773893  0.
5696.3998775482  0.
5700.59987735746  0.
5704.79987716672  0.
5708.99987697599  0.
5713.19987678525  0.
5717.39987659452  0.
5721.59987640378  0.
5725.79987621305  0.
5729.99987602232  0.
5734.19987583158  0.
5738.39987564085  0.
5742.59987545011  0.
5746.79987525938  0.
5750.99987506864  0.
5755.19987487791  0.
5759.39987468717  0.
5763.59987449644  0.
5767.7998743057  0.
5771.99987411497  0.
5776.19987392423  0.
5780.3998737335  0.
5784.59987354276  0.
5788.79987335203  0.
5792.99987316129  0.
5797.19987297056  0.
5801.39987277982  0.
5805.59987258909  0.
5809.79987239835  0.
5813.99987220762  0.
5818.19987201688  0.
5822.39987182615  0.
5826.59987163541  0.
5830.79987144468  0.
5834.99987125394  0.
5839.19987106321  0.
5843.39987087247  0.
5847.59987068174  0.
5851.799870491  0.
5855.99987030027  0.
5860.19987010953  0.
5864.3998699188  0.
5868.59986972806  0.
5872.79986953733  0.
5876.99986934659  0.
5881.19986915586  0.
5885.39986896512  0.
5889.59986877439  -8.265488E-8
5893.79986858365  -8.265488E-8
5897.99986839292  0.
5902.19986820219  0.
5906.39986801145  0.
5910.59986782071  0.
5914.79986762998  0.
5918.99986743925  0.
5923.19986724851  0.
5927.39986705777  0.
5931.59986686704  0.
5935.79986667631  0.
5939.99986648557  0.
5944.19986629484  0.
5948.3998661041  0.
5952.59986591337  0.
5956.79986572263  0.
5960.9998655319  0.
5965.19986534116  0.
5969.39986515043  0.
5973.59986495969  0.
5977.79986476896  0.
5981.99986457822  0.
5986.19986438749  0.
5990.39986419675  0.
5994.59986400602  0.
5998.79986381528  0.
6002.99986362455  0.
6007.19986343381  0.
6011.39986324308  0.
6015.59986305234  0.
6019.79986286161  0.
6023.99986267087  0.
6028.19986248014  0.
6032.3998622894  0.
6036.59986209867  0.
6040.79986190793  0.
6044.9998617172  0.
6049.19986152646  0.
6053.39986133573  0.
6057.59986114499  0.
6061.79986095426  0.
6065.99986076352  0.
6070.19986057279  0.
6074.39986038205  0.
6078.59986019132  0.
6082.79986000058  0.
6086.99985980985  0.
6091.19985961911  0.
6095.39985942838  0.
6099.59985923764  0.
6103.79985904691  0.
6107.99985885617  0.
6112.19985866544  0.
6116.3998584747  0.
6120.59985828397  0.
6124.79985809324  0.
6128.9998579025  0.
6133.19985771176  0.
6137.39985752103  0.
6141.5998573303  0.
6145.79985713956  0.
6149.99985694883  0.
6154.19985675809  0.
6158.39985656736  0.
6162.59985637662  0.
6166.79985618589  0.
6170.99985599515  0.
6175.19985580442  0.
6179.39985561368  0.
6183.59985542295  0.
6187.79985523221  0.
6191.99985504148  0.
6196.19985485074  0.
6200.39985466001  0.
6204.59985446927  0.
6208.79985427854  0.
6212.9998540878  0.
6217.19985389707  0.
6221.39985370633  0.
6225.5998535156  0.
6229.79985332486  0.
6233.99985313413  0.
6238.19985294339  0.
6242.39985275266  0.
6246.59985256192  0.
6250.79985237119  0.
6254.99985218045  0.
6259.19985198972  0.
6263.39985179899  0.
6267.59985160825  0.
6271.79985141752  0.
6275.99985122678  -0.005589662
6280.19985103604  -0.009052297
6284.39985084531  -0.008317909
6288.59985065457  -0.006713971
6292.79985046384  -0.004757578
6296.9998502731  -0.002054831
6301.19985008237  0.
6305.39984989163  0.
6309.5998497009  0.
6313.79984951016  0.
6317.99984931943  0.
6322.1998491287  0.
6326.39984893796  0.
6330.59984874723  0.
6334.79984855649  0.
6338.99984836575  0.
6343.19984817502  0.
6347.39984798429  0.
6351.59984779355  0.
6355.79984760282  0.
6359.99984741208  0.
6364.19984722135  0.
6368.39984703061  0.
6372.59984683988  0.
6376.79984664914  0.
6380.99984645841  0.
6385.19984626767  0.
6389.39984607694  0.
6393.5998458862  0.
6397.79984569547  0.
6401.99984550473  0.
6406.199845314  0.
6410.39984512326  0.
6414.59984493253  0.
6418.79984474179  0.
6422.99984455106  0.
6427.19984436032  0.
6431.39984416959  0.
6435.59984397885  0.
6439.79984378812  0.
6443.99984359738  0.
6448.19984340665  0.
6452.39984321591  0.
6456.59984302518  0.
6460.79984283444  0.
6464.99984264371  0.
6469.19984245297  0.
6473.39984226224  0.
6477.5998420715  0.
6481.79984188077  0.
6485.99984169003  0.
6490.1998414993  0.
6494.39984130856  0.
6498.59984111783  0.
6502.79984092709  0.
6506.99984073636  0.
6511.19984054562  0.
6515.39984035489  -9.186770E-7
6519.59984016415  -2.003013E-6
6523.79983997342  -1.280103E-6
6527.99983978268  -2.003013E-6
6532.19983959195  -3.095935E-6
6536.39983940121  -1.280103E-6
6540.59983921048  -1.280103E-6
6544.79983901975  1.249995E-6
6548.99983882901  1.249995E-6
6553.19983863828  -2.003013E-6
6557.39983844754  -1.280103E-6
6561.59983825681  -1.280103E-6
6565.79983806607  -2.003013E-6
6569.99983787533  -2.003013E-6
6574.1998376846  -9.186770E-7
6578.39983749386  -1.280103E-6
6582.59983730313  -1.280103E-6
6586.7998371124  -2.003013E-6
6590.99983692166  -2.003013E-6
6595.19983673093  -9.186770E-7
6599.39983654019  5.271140E-7
6603.59983634946  0.
6607.79983615872  0.
6611.99983596799  0.
6616.19983577725  0.
6620.39983558652  0.
6624.59983539578  0.
6628.79983520505  0.
6632.99983501431  0.
6637.19983482358  0.
6641.39983463284  0.
6645.59983444211  0.
6649.79983425137  0.
6653.99983406064  0.
6658.1998338699  0.
6662.39983367917  0.
6666.59983348843  0.
6670.7998332977  0.
6674.99983310696  0.
6679.19983291623  0.
6683.39983272549  0.
6687.59983253476  0.
6691.79983234402  0.
6695.99983215329  0.
6700.19983196255  0.
6704.39983177182  0.
6708.59983158108  0.
6712.79983139035  0.
6716.99983119961  0.
6721.19983100888  0.
6725.39983081814  0.
6729.59983062741  0.
6733.79983043667  0.
6737.99983024594  0.
6742.1998300552  0.
6746.39982986447  0.
6750.59982967374  0.
6754.799829483  0.
6758.99982929227  0.
6763.19982910153  0.
6767.3998289108  0.
6771.59982872006  0.
6775.79982852933  0.
6779.99982833859  0.
6784.19982814786  0.
6788.39982795712  0.
6792.59982776639  0.
6796.79982757565  0.
6800.99982738492  0.
6805.19982719418  0.
6809.39982700345  0.
6813.59982681271  0.
6817.79982662198  0.
6821.99982643124  0.
6826.19982624051  0.
6830.39982604977  0.
6834.59982585904  0.
6838.7998256683  0.
6842.99982547757  0.
6847.19982528683  0.
6851.3998250961  0.
6855.59982490536  0.
6859.79982471463  -0.01679939
6863.99982452389  -0.03974169
6868.19982433316  -0.06719299
6872.39982414242  -0.08299623
6876.59982395169  -0.07776818
6880.79982376095  -0.06226279
6884.99982357022  -0.05121772
6889.19982337948  -0.04806237
6893.39982318875  -0.04754326
6897.59982299801  -0.04465702
6901.79982280728  -0.03882521
6905.99982261654  -0.03197246
6910.19982242581  -0.02540165
6914.39982223507  -0.01973212
6918.59982204434  -0.01439308
6922.7998218536  -0.009838336
6926.99982166287  -0.005980567
6931.19982147213  -0.002100806
6935.3998212814  0.
6939.59982109066  0.
6943.79982089993  0.
6947.99982070919  0.
6952.19982051846  0.
6956.39982032772  0.
6960.59982013699  0.
6964.79981994625  0.
6968.99981975552  0.
6973.19981956479  0.
6977.39981937405  0.
6981.59981918331  0.
6985.79981899258  0.
6989.99981880185  0.
6994.19981861111  0.
6998.39981842038  0.
7002.59981822964  0.
7006.79981803891  0.
7010.99981784817  0.
7015.19981765744  0.
7019.3998174667  0.
7023.59981727597  0.
7027.79981708523  0.
7031.9998168945  0.
7036.19981670376  0.
7040.39981651303  0.
7044.59981632229  0.
7048.79981613156  0.
7052.99981594082  0.
7057.19981575009  0.
7061.39981555935  0.
7065.59981536862  0.
7069.79981517788  0.
7073.99981498715  0.
7078.19981479641  0.
7082.39981460568  0.
7086.59981441494  0.
7090.79981422421  0.
7094.99981403347  0.
7099.19981384274  0.
7103.399813652  0.
7107.59981346127  0.
7111.79981327053  0.
7115.9998130798  0.
7120.19981288906  0.
7124.39981269833  0.
7128.59981250759  0.
7132.79981231686  0.
7136.99981212613  0.
7141.19981193539  0.
7145.39981174465  0.
7149.59981155392  0.
7153.79981136318  0.
7157.99981117245  0.
7162.19981098172  -0.004230814
7166.39981079098  -0.01242525
7170.59981060025  -0.02068026
7174.79981040951  -0.02660297
7178.99981021878  -0.03171386
7183.19981002804  -0.03569937
7187.39980983731  -0.03796296
7191.59980964657  -0.03805502
7195.79980945584  -0.03645561
7199.9998092651  -0.03368644
7204.19980907437  -0.02921636
7208.39980888363  -0.022748
7212.5998086929  -0.01492535
7216.79980850216  -0.007989482
7220.99980831143  -0.007833621
7225.19980812069  -0.01230276
7229.39980792996  -0.01963804
7233.59980773922  -0.02459151
7237.79980754849  -0.02755762
7241.99980735775  -0.02790475
7246.19980716702  -0.02665104
7250.39980697628  -0.02509299
7254.59980678555  -0.0237249
7258.79980659481  -0.02278674
7262.99980640408  -0.02247106
7267.19980621334  -0.02271888
7271.39980602261  -0.02337286
7275.59980583187  -0.02357858
7279.79980564114  -0.02252814
7283.9998054504  -0.02099358
7288.19980525967  -0.02031065
7292.39980506894  -0.02050726
7296.5998048782  -0.01966853
7300.79980468746  -0.01877069
7304.99980449673  -0.01831791
7309.19980430599  -0.0157082
7313.39980411526  -0.01367787
7317.59980392452  -0.01079333
7321.79980373379  -0.007888234
7325.99980354305  -0.004280138
7330.19980335232  -0.001582856
7334.39980316159  0.
7338.59980297085  0.
7342.79980278011  0.
7346.99980258938  0.
7351.19980239864  0.
7355.39980220791  0.
7359.59980201717  0.
7363.79980182644  0.
7367.9998016357  0.
7372.19980144497  0.
7376.39980125423  0.
7380.5998010635  0.
7384.79980087276  0.
7388.99980068203  0.
7393.1998004913  0.
7397.39980030056  0.
7401.59980010983  0.
7405.79979991909  0.
7409.99979972836  0.
7414.19979953762  0.
7418.39979934689  0.
7422.59979915615  0.
7426.79979896542  0.
7430.99979877468  0.
7435.19979858395  0.
7439.39979839321  0.
7443.59979820248  0.
7447.79979801174  0.
7451.99979782101  0.
7456.19979763027  0.
7460.39979743954  0.
7464.5997972488  0.
7468.79979705807  0.
7472.99979686733  0.
7477.1997966766  0.
7481.39979648586  0.
7485.59979629513  0.
7489.79979610439  0.
7493.99979591366  0.
7498.19979572292  0.
7502.39979553219  0.
7506.59979534145  0.
7510.79979515072  0.
7514.99979495998  0.
7519.19979476925  0.
7523.39979457851  0.
7527.59979438778  0.
7531.79979419704  0.
7535.99979400631  0.
7540.19979381557  0.
7544.39979362484  0.
7548.5997934341  0.
7552.79979324337  0.
7556.99979305263  0.
7561.1997928619  0.
7565.39979267116  0.
7569.59979248043  0.
7573.79979228969  0.
7577.99979209896  0.
7582.19979190822  -0.01151938
7586.39979171749  -0.03783341
7590.59979152675  -0.09317522
7594.79979133602  -0.1921806
7598.99979114528  -0.3222608
7603.19979095455  -0.4250337
7607.39979076381  -0.4279906
7611.59979057308  -0.3469264
7615.79979038235  -0.2625163
7619.99979019161  -0.2220496
7624.19979000088  -0.2267904
7628.39978981014  -0.2487902
7632.59978961941  -0.2552382
7636.79978942867  -0.2378101
7640.99978923794  -0.2080968
7645.1997890472  -0.1754458
7649.39978885647  -0.1435937
7653.59978866573  -0.1150266
7657.799788475  -0.09102137
7661.99978828426  -0.07095435
7666.19978809353  -0.05399648
7670.39978790279  -0.04027091
7674.59978771206  -0.02983688
7678.79978752132  -0.02196538
7682.99978733059  -0.01638602
7687.19978713985  -0.007522477
7691.39978694912  -0.002899085
7695.59978675838  0.
7699.79978656765  0.
7703.99978637691  0.
7708.19978618618  0.
7712.39978599544  0.
7716.59978580471  0.
7720.79978561397  0.
7724.99978542324  0.
7729.1997852325  0.
7733.39978504177  0.
7737.59978485103  0.
7741.7997846603  0.
7745.99978446956  0.
7750.19978427883  0.
7754.39978408809  0.
7758.59978389736  0.
7762.79978370662  0.
7766.99978351589  0.
7771.19978332515  0.
7775.39978313442  0.
7779.59978294369  0.
7783.79978275295  0.
7787.99978256221  0.
7792.19978237148  0.
7796.39978218075  0.
7800.59978199001  0.
7804.79978179928  0.
7808.99978160854  0.
7813.19978141781  0.
7817.39978122707  0.
7821.59978103634  0.
7825.7997808456  0.
7829.99978065486  0.
7834.19978046413  0.
7838.3997802734  0.
7842.59978008266  0.
7846.79977989193  0.
7850.99977970119  0.
7855.19977951046  0.
7859.39977931972  0.
7863.59977912899  0.
7867.79977893825  0.
7871.99977874752  0.
7876.19977855678  0.
7880.39977836605  0.
7884.59977817531  0.
7888.79977798458  0.
7892.99977779384  0.
7897.19977760311  0.
7901.39977741237  0.
7905.59977722164  0.
7909.7997770309  0.
7913.99977684017  0.
7918.19977664943  0.
7922.3997764587  0.
7926.59977626796  0.
7930.79977607723  0.
7934.99977588649  0.
7939.19977569576  0.
7943.39977550502  0.
7947.59977531429  0.
7951.79977512355  0.
7955.99977493282  0.
7960.19977474208  0.
7964.39977455135  0.
7968.59977436061  0.
7972.79977416988  0.
7976.99977397914  0.
7981.19977378841  0.
7985.39977359767  0.
7989.59977340694  0.
7993.7997732162  0.
7997.99977302547  0.
8002.19977283473  0.
8006.399772644  0.
8010.59977245327  0.
8014.79977226253  0.
8018.9997720718  0.
8023.19977188106  0.
8027.39977169033  0.
8031.59977149959  0.
8035.79977130886  0.
8039.99977111812  0.
8044.19977092739  0.
8048.39977073665  0.
8052.59977054592  0.
8056.79977035518  0.
8060.99977016445  0.
8065.19976997371  0.
8069.39976978298  0.
8073.59976959224  0.
8077.79976940151  0.
8081.99976921077  0.
8086.19976902004  0.
8090.3997688293  0.
8094.59976863857  0.
8098.79976844783  0.
8102.9997682571  0.
8107.19976806636  0.
8111.39976787563  0.
8115.59976768489  0.
8119.79976749416  0.
8123.99976730342  0.
8128.19976711269  -0.00274653
8132.39976692195  -0.009549623
8136.59976673122  -0.01496197
8140.79976654048  -0.01842111
8144.99976634975  -0.02086882
8149.19976615901  -0.02357199
8153.39976596828  -0.0265898
8157.59976577754  -0.03020799
8161.79976558681  -0.03331271
8165.99976539608  -0.03354342
8170.19976520534  -0.03052704
8174.3997650146  -0.02911079
8178.59976482387  -0.0286526
8182.79976463314  -0.02779828
8186.9997644424  -0.02610626
8191.19976425166  -0.0245412
8195.39976406093  -0.02243554
8199.59976387019  -0.01850249
8203.79976367946  -0.01125484
8207.99976348872  -0.004710181
8212.19976329799  -0.004667657
8216.39976310725  -0.01371101
8220.59976291652  -0.02554383
8224.79976272578  -0.03660731
8228.99976253505  -0.04232544
8233.19976234432  -0.037374
8237.39976215358  -0.02603235
8241.59976196285  -0.01494435
8245.79976177211  -0.006333293
8249.99976158138  -0.005095311
8254.19976139064  -0.006583137
8258.39976119991  -0.006987932
8262.59976100917  -0.004971195
8266.79976081844  -0.005272014
8270.9997606277  -0.009178106
8275.19976043697  -0.01582208
8279.39976024623  -0.02007537
8283.5997600555  -0.02028278
8287.79975986476  -0.01840787
8291.99975967403  -0.0139886
8296.19975948329  -0.01178266
8300.39975929256  -0.009361369
8304.59975910182  -0.008691679
8308.79975891109  -0.007987962
8312.99975872035  -0.007396676
8317.19975852962  -0.007728912
8321.39975833888  -0.008497332
8325.59975814815  -0.006076336
8329.79975795741  -0.005111561
8333.99975776668  -0.003262799
8338.19975757594  -0.002289445
8342.39975738521  -0.00163173
8346.59975719447  0.
8350.79975700374  0.
8354.999756813  0.
8359.19975662227  0.
8363.39975643153  0.
8367.5997562408  0.
8371.79975605006  0.
8375.99975585933  0.
8380.19975566859  0.
8384.39975547786  0.
8388.59975528712  0.
8392.79975509639  0.
8396.99975490565  0.
8401.19975471492  0.
8405.39975452418  0.
8409.59975433345  0.
8413.79975414271  0.
8417.99975395198  0.
8422.19975376124  0.
8426.39975357051  0.
8430.59975337978  0.
8434.79975318904  0.
8438.9997529983  -2.986053E-7
8443.19975280757  -2.986053E-7
8447.39975261684  -2.986053E-7
8451.5997524261  0.
8455.79975223536  0.
8459.99975204463  0.
8464.1997518539  0.
8468.39975166316  -2.986053E-7
8472.59975147243  -2.986053E-7
8476.79975128169  0.
8480.99975109096  0.
8485.19975090022  0.
8489.39975070949  7.434282E-7
8493.59975051875  7.434282E-7
8497.79975032802  7.434282E-7
8501.99975013728  7.434282E-7
8506.19974994655  -2.124798E-7
8510.39974975581  1.242988E-7
8514.59974956508  0.
8518.79974937434  0.
8522.99974918361  0.
8527.19974899287  0.
8531.39974880214  -2.986053E-7
8535.5997486114  1.204171E-8
8539.79974842067  -4.396716E-7
8543.99974822993  -2.986053E-7
8548.1997480392  -2.986053E-7
8552.39974784846  -2.986053E-7
8556.59974765773  -2.124798E-7
8560.79974746699  0.
8564.99974727626  0.
8569.19974708552  0.
8573.39974689479  0.
8577.59974670405  0.
8581.79974651332  0.
8585.99974632258  -2.124798E-7
8590.19974613185  1.204171E-8
8594.39974594111  -2.124798E-7
8598.59974575038  -4.396716E-7
8602.79974555965  -4.396716E-7
8606.99974536891  -4.396716E-7
8611.19974517817  -5.519323E-7
8615.39974498744  0.
8619.5997447967  0.
8623.79974460597  0.
8627.99974441523  0.
8632.1997442245  0.
8636.39974403376  0.
8640.59974384303  0.
8644.7997436523  1.204171E-8
8648.99974346156  1.204171E-8
8653.19974327083  1.204171E-8
8657.39974308009  1.204171E-8
8661.59974288935  1.204171E-8
8665.79974269862  -4.396716E-7
8669.99974250789  -4.396716E-7
8674.19974231715  7.434282E-7
8678.39974212642  7.434282E-7
8682.59974193568  0.
8686.79974174495  0.
8690.99974155421  0.
8695.19974136348  0.
8699.39974117274  0.
8703.59974098201  0.
8707.79974079127  0.
8711.99974060054  0.
8716.1997404098  0.
8720.39974021907  0.
8724.59974002833  0.
8728.79973983759  0.
8732.99973964686  0.
8737.19973945613  -2.124798E-7
8741.39973926539  -4.396716E-7
8745.59973907466  -4.396716E-7
8749.79973888392  1.204171E-8
8753.99973869319  -2.124798E-7
8758.19973850245  1.204171E-8
8762.39973831172  1.204171E-8
8766.59973812098  1.204171E-8
8770.79973793025  0.
8774.99973773951  0.
8779.19973754878  0.
8783.39973735804  0.
8787.59973716731  0.
8791.79973697657  0.
8795.99973678584  0.
8800.1997365951  0.
8804.39973640437  0.
8808.59973621363  0.
8812.7997360229  0.
8816.99973583216  0.
8821.19973564143  0.
8825.39973545069  0.
8829.59973525996  0.
8833.79973506922  0.
8837.99973487849  0.
8842.19973468775  0.
8846.39973449702  0.
8850.59973430628  1.204171E-8
8854.79973411555  1.242988E-7
8858.99973392482  1.204171E-8
8863.19973373408  1.204171E-8
8867.39973354335  -2.124798E-7
8871.59973335261  -4.396716E-7
8875.79973316188  -2.124798E-7
8879.99973297114  -2.124798E-7
8884.19973278041  0.
8888.39973258967  0.
8892.59973239894  0.
8896.7997322082  0.
8900.99973201747  0.
8905.19973182673  0.
8909.399731636  0.
8913.59973144526  0.
8917.79973125453  0.
8921.99973106379  0.
8926.19973087306  0.
8930.39973068232  0.
8934.59973049159  0.
8938.79973030085  0.
8942.99973011012  0.
8947.19972991938  0.
8951.39972972865  -0.0041275
8955.59972953791  -0.007146531
8959.79972934718  -0.009604994
8963.99972915644  -0.01223882
8968.19972896571  -0.01401888
8972.39972877497  -0.01478619
8976.59972858424  -0.01610277
8980.7997283935  -0.02033433
8984.99972820277  -0.03174159
8989.19972801203  -0.04132705
8993.3997278213  -0.04223648
8997.59972763057  -0.04198635
9001.79972743983  -0.04123595
9005.99972724909  -0.03985725
9010.19972705836  -0.03872868
9014.39972686763  -0.03684971
9018.59972667689  -0.03534892
9022.79972648616  -0.03397021
9026.99972629542  -0.03184868
9031.19972610469  -0.02465983
9035.39972591395  -0.01020742
9039.59972572321  0.
9043.79972553248  0.
9047.99972534175  0.
9052.19972515101  -0.002042595
9056.39972496028  0.
9060.59972476954  -0.004969449
9064.79972457881  -0.01099179
9068.99972438807  -0.01526923
9073.19972419733  -0.01892067
9077.3997240066  -0.02022579
9081.59972381587  -0.01812252
9085.79972362513  -0.01781049
9089.9997234344  -0.01595828
9094.19972324366  -0.01547891
9098.39972305293  -0.01574462
9102.59972286219  -0.0149819
9106.79972267146  -0.01182505
9110.99972248072  -0.008947914
9115.19972228999  -0.009394662
9119.39972209925  -0.01060411
9123.59972190852  -0.01192516
9127.79972171778  -0.01464133
9131.99972152705  -0.01850957
9136.19972133631  -0.01626668
9140.39972114557  -0.0143389
9144.59972095484  -0.01119654
9148.79972076411  -0.01424572
9152.99972057337  -0.01818417
9157.19972038264  -0.01782333
9161.3997201919  -0.01409254
9165.59972000117  -0.01038815
9169.79971981043  -0.01218439
9173.9997196197  -0.01636748
9178.19971942896  -0.01717344
9182.39971923823  -0.01207632
9186.59971904749  -0.007383728
9190.79971885676  -0.002383118
9194.99971866602  0.
9199.19971847529  0.
9203.39971828455  -0.005269893
9207.59971809382  -0.01149741
9211.79971790308  -0.01947101
9215.99971771235  -0.0223283
9220.19971752161  -0.0180623
9224.39971733088  -0.004621678
9228.59971714014  -2.073161E-4
9232.79971694941  6.447732E-5
9236.99971675867  -0.02184258
9241.19971656794  -0.01769566
9245.3997163772  -0.02707705
9249.59971618647  -0.01873577
9253.79971599573  -0.01223464
9257.999715805  -0.008471833
9262.19971561426  -0.008004824
9266.39971542353  -0.007818925
9270.59971523279  -0.007941625
9274.79971504206  -0.01365913
9278.99971485133  -0.01947707
9283.19971466059  -0.02584
9287.39971446985  -0.03207763
9291.59971427912  -0.03778075
9295.79971408839  -0.04594008
9299.99971389765  -0.05642878
9304.19971370692  -0.07034191
9308.39971351618  -0.08760919
9312.59971332545  -0.1065191
9316.79971313471  -0.1247642
9320.99971294398  -0.1392409
9325.19971275324  -0.1479568
9329.39971256251  -0.1554938
9333.59971237177  -0.169727
9337.79971218104  -0.188978
9341.9997119903  -0.1971682
9346.19971179957  -0.1862004
9350.39971160883  -0.1723358
9354.5997114181  -0.1680871
9358.79971122736  -0.1661787
9362.99971103663  -0.1621598
9367.19971084589  -0.1608523
9371.39971065516  -0.1606159
9375.59971046442  -0.1562816
9379.79971027369  -0.1440876
9383.99971008295  -0.1198013
9388.19970989222  -0.08855292
9392.39970970148  -0.06429694
9396.59970951075  -0.05391829
9400.79970932002  -0.05481927
9404.99970912928  -0.06312642
9409.19970893854  -0.06995106
9413.39970874781  -0.07479173
9417.59970855707  -0.08120691
9421.79970836634  -0.09474253
9425.9997081756  -0.1087081
9430.19970798487  -0.1173112
9434.39970779413  -0.1227955
9438.5997076034  -0.1287507
9442.79970741266  -0.1288318
9446.99970722193  -0.1189794
9451.19970703119  -0.1122496
9455.39970684046  -0.1128288
9459.59970664972  -0.116943
9463.79970645899  -0.1108824
9467.99970626825  -0.1028447
9472.19970607752  -0.09930871
9476.39970588678  -0.1025865
9480.59970569605  -0.1054917
9484.79970550531  -0.1005896
9488.99970531458  -0.0975161
9493.19970512385  -0.1077151
9497.39970493311  -0.1217485
9501.59970474238  -0.115954
9505.79970455164  -0.09204315
9509.9997043609  -0.07851351
9514.19970417017  -0.09006055
9518.39970397944  -0.1137986
9522.5997037887  -0.1276209
9526.79970359797  -0.123257
9530.99970340723  -0.1124553
9535.1997032165  -0.1102603
9539.39970302576  -0.1087256
9543.59970283503  -0.1066803
9547.79970264429  -0.1056592
9551.99970245356  -0.1055316
9556.19970226282  -0.1034863
9560.39970207209  -0.1013134
9564.59970188135  -0.09875451
9568.79970169062  -0.09542815
9572.99970149988  -0.0803467
9577.19970130915  -0.07316162
9581.39970111841  -0.07628237
9585.59970092768  -0.08394655
9589.79970073694  -0.08759889
9593.99970054621  -0.08441786
9598.19970035547  -0.07214561
9602.39970016474  -0.06005999
9606.599699974  -0.05516172
9610.79969978327  -0.05478342
9614.99969959253  -0.05529071
9619.1996994018  -0.05681252
9623.39969921106  -0.05569768
9627.59969902033  -0.05012361
9631.79969882959  -0.04506883
9635.99969863886  -0.04456104
9640.19969844812  -0.04811098
9644.39969825739  -0.04646375
9648.59969806665  -0.03956937
9652.79969787592  -0.03336177
9656.99969768518  -0.03213077
9661.19969749445  -0.03367522
9665.39969730371  -0.03075787
9669.59969711298  -0.02156726
9673.79969692225  -0.01260033
9677.99969673151  -0.008511187
9682.19969654077  -0.006049201
9686.39969635004  -0.004085701
9690.59969615931  0.
9694.79969596857  0.
9698.99969577783  0.
9703.1996955871  0.
9707.39969539637  0.
9711.59969520563  0.
9715.7996950149  0.
9719.99969482416  0.
9724.19969463343  -0.003309624
9728.39969444269  -0.006164935
9732.59969425196  -0.01082097
9736.79969406122  -0.01567895
9740.99969387049  -0.01542322
9745.19969367975  -0.01488431
9749.39969348902  -0.01341169
9753.59969329828  -0.01479453
9757.79969310755  -0.01659228
9761.99969291681  -0.01222717
9766.19969272608  -0.009757021
9770.39969253534  -0.002842033
9774.59969234461  0.
9778.79969215387  -0.002802328
9782.99969196314  -0.005724193
9787.1996917724  -0.007235865
9791.39969158167  -0.00780964
9795.59969139093  -0.008904125
9799.7996912002  -0.006270155
9803.99969100946  0.
9808.19969081873  0.
9812.39969062799  0.
9816.59969043726  0.
9820.79969024652  0.
9824.99969005579  0.
9829.19968986505  0.
9833.39968967432  0.
9837.59968948358  0.
9841.79968929285  0.
9845.99968910212  0.
9850.19968891138  0.
9854.39968872064  0.
9858.59968852991  0.
9862.79968833918  0.
9866.99968814844  0.
9871.1996879577  0.
9875.39968776697  0.
9879.59968757624  0.
9883.7996873855  0.
9887.99968719476  0.
9892.19968700403  0.
9896.3996868133  0.
9900.59968662256  0.
9904.79968643183  0.
9908.99968624109  0.
9913.19968605036  0.
9917.39968585962  0.
9921.59968566889  0.
9925.79968547815  0.
9929.99968528742  0.
9934.19968509668  0.
9938.39968490595  0.
9942.59968471521  0.
9946.79968452448  0.
9950.99968433374  0.
9955.19968414301  0.
9959.39968395227  0.
9963.59968376154  0.
9967.7996835708  0.
9971.99968338007  0.
9976.19968318933  0.
9980.3996829986  0.
9984.59968280786  0.
9988.79968261712  0.
9992.99968242639  0.
9997.19968223566  0.
10001.3996820449  0.
10005.5996818542  0.
10009.7996816634  0.
10013.9996814727  0.
10018.199681282  -0.004896426
10022.3996810912  -0.009817109
10026.5996809005  -0.01440039
10030.7996807098  -0.01807832
10034.999680519  -0.02401681
10039.1996803283  -0.0250733
10043.3996801376  -0.01976339
10047.5996799468  -0.02607449
10051.7996797561  -0.02496284
10055.9996795654  -0.02436222
10060.1996793746  -0.02282097
10064.3996791839  -0.02162724
10068.5996789932  -0.01804158
10072.7996788024  -0.01306373
10076.9996786117  -0.008728409
10081.199678421  -0.005369761
10085.3996782302  -0.006101684
10089.5996780395  -0.005007194
10093.7996778488  0.
10097.999677658  0.
10102.1996774673  0.
10106.3996772765  0.
10110.5996770858  0.
10114.7996768951  0.
10118.9996767043  -5.127076E-7
10123.1996765136  0.
10127.3996763229  0.
10131.5996761321  0.
10135.7996759414  0.
10139.9996757507  0.
10144.1996755599  0.
10148.3996753692  0.
10152.5996751785  0.
10156.7996749877  0.
10160.999674797  0.
10165.1996746063  0.
10169.3996744155  0.
10173.5996742248  0.
10177.7996740341  0.
10181.9996738433  0.
10186.1996736526  0.
10190.3996734619  0.
10194.5996732711  1.271605E-6
10198.7996730804  0.
10202.9996728896  0.
10207.1996726989  0.
10211.3996725082  0.
10215.5996723174  0.
10219.7996721267  0.
10223.999671936  0.
10228.1996717452  0.
10232.3996715545  0.
10236.5996713638  0.
10240.799671173  0.
10244.9996709823  0.
10249.1996707916  0.
10253.3996706008  0.
10257.5996704101  0.
10261.7996702194  0.
10265.9996700286  0.
10270.1996698379  0.
10274.3996696472  0.
10278.5996694564  0.
10282.7996692657  0.
10286.9996690749  0.
10291.1996688842  0.
10295.3996686935  0.
10299.5996685027  0.
10303.799668312  0.
10307.9996681213  0.
10312.1996679305  0.
10316.3996677398  0.
10320.5996675491  0.
10324.7996673583  0.
10328.9996671676  0.
10333.1996669769  0.
10337.3996667861  -4.694390E-6
10341.5996665954  1.271605E-6
10345.7996664047  0.
10349.9996662139  -2.705783E-6
10354.1996660232  0.
10358.3996658325  0.
10362.5996656417  0.
10366.799665451  -1.247536E-7
10370.9996652603  2.632005E-7
10375.1996650695  2.632005E-7
10379.3996648788  2.632005E-7
10383.599664688  0.
10387.7996644973  0.
10391.9996643066  0.
10396.1996641158  0.
10400.3996639251  0.
10404.5996637344  0.
10408.7996635436  -1.247536E-7
10412.9996633529  -1.247536E-7
10417.1996631622  0.
10421.3996629714  0.
10425.5996627807  0.
10429.79966259  0.
10433.9996623992  0.
10438.1996622085  0.
10442.3996620178  0.
10446.599661827  0.
10450.7996616363  0.
10454.9996614456  0.
10459.1996612548  0.
10463.3996610641  0.
10467.5996608733  0.
10471.7996606826  0.
10475.9996604919  0.
10480.1996603011  0.
10484.3996601104  0.
10488.5996599197  0.
10492.7996597289  0.
10496.9996595382  0.
10501.1996593475  0.
10505.3996591567  0.
10509.599658966  0.
10513.7996587753  0.
10517.9996585845  0.
10522.1996583938  0.
10526.3996582031  0.
10530.5996580123  0.
10534.7996578216  0.
10538.9996576309  0.
10543.1996574401  0.
10547.3996572494  0.
10551.5996570586  0.
10555.7996568679  0.
10559.9996566772  0.
10564.1996564864  0.
10568.3996562957  0.
10572.599656105  0.
10576.7996559142  0.
10580.9996557235  0.
10585.1996555328  0.
10589.399655342  0.
10593.5996551513  0.
10597.7996549606  0.
10601.9996547698  0.
10606.1996545791  0.
10610.3996543884  0.
10614.5996541976  0.
10618.7996540069  0.
10622.9996538162  0.
10627.1996536254  0.
10631.3996534347  0.
10635.599653244  0.
10639.7996530532  0.
10643.9996528625  0.
10648.1996526717  0.
10652.399652481  0.
10656.5996522903  0.
10660.7996520995  0.
10664.9996519088  0.
10669.1996517181  0.
10673.3996515273  0.
10677.5996513366  0.
10681.7996511459  0.
10685.9996509551  0.
10690.1996507644  0.
10694.3996505737  0.
10698.5996503829  0.
10702.7996501922  0.
10706.9996500015  0.
10711.1996498107  0.
10715.39964962  0.
10719.5996494293  0.
10723.7996492385  0.
10727.9996490478  0.
10732.1996488571  0.
10736.3996486663  0.
10740.5996484756  0.
10744.7996482848  0.
10748.9996480941  0.
10753.1996479034  0.
10757.3996477126  0.
10761.5996475219  0.
10765.7996473312  0.
10769.9996471404  0.
10774.1996469497  0.
10778.399646759  0.
10782.5996465682  0.
10786.7996463775  0.
10790.9996461868  0.
10795.199645996  0.
10799.3996458053  0.
10803.5996456146  0.
10807.7996454238  0.
10811.9996452331  0.
10816.1996450423  0.
10820.3996448516  0.
10824.5996446609  0.
10828.7996444701  0.
10832.9996442794  0.
10837.1996440887  0.
10841.3996438979  0.
10845.5996437072  0.
10849.7996435165  0.
10853.9996433257  0.
10858.199643135  0.
10862.3996429443  0.
10866.5996427535  0.
10870.7996425628  0.
10874.9996423721  0.
10879.1996421813  0.
10883.3996419906  0.
10887.5996417999  0.
10891.7996416091  0.
10895.9996414184  0.
10900.1996412277  0.
10904.3996410369  0.
10908.5996408462  0.
10912.7996406554  0.
10916.9996404647  0.
10921.199640274  0.
10925.3996400832  0.
10929.5996398925  0.
10933.7996397018  0.
10937.999639511  0.
10942.1996393203  0.
10946.3996391296  0.
10950.5996389388  0.
10954.7996387481  0.
10958.9996385574  0.
10963.1996383666  0.
10967.3996381759  0.
10971.5996379852  0.
10975.7996377944  0.
10979.9996376037  0.
10984.199637413  0.
10988.3996372222  0.
10992.5996370315  0.
10996.7996368408  0.
11000.99963665  0.
